-- PARTE 1 DE 2 - CONTINUAÇÃO AUTOMÁTICA
_G.ExportedInstances = _G.ExportedInstances or {}
local insts = _G.ExportedInstances
local paiOriginal = workspace
pcall(function() game:GetService('PhysicsService'):RegisterCollisionGroup('Part') end)

insts[1] = Instance.new('Folder')
insts[1].Name = 'Pista do tl'
insts[1].Parent = paiOriginal

insts[2] = Instance.new('Folder')
insts[2].Name = 'tendinha'
insts[2].Parent = insts[1]

insts[3] = Instance.new('Part')
insts[3].Name = 'teto'
insts[3].Size = Vector3.new(4, 1, 2)
insts[3].CFrame = CFrame.new(1460.31262, 859.923218, 39.2089386, 0.173625171, 0, 0.984811783, 0, 1, 0, -0.984811783, 0, 0.173625186)
insts[3].Color = Color3.fromRGB(13, 105, 172)
insts[3].Material = Enum.Material.Plastic
insts[3].Transparency = 0
insts[3].Reflectance = 0
insts[3].Anchored = true
insts[3].CanCollide = false
insts[3].CanTouch = false
insts[3].CanQuery = false
insts[3].CollisionGroup = 'Part'
insts[3].Parent = insts[2]

insts[4] = Instance.new('SpecialMesh')
insts[4].Name = 'Mesh'
insts[4].MeshId = 'rbxassetid://6820481773'
insts[4].TextureId = ''
insts[4].Scale = Vector3.new(1, 1, 1)
insts[4].MeshType = Enum.MeshType.FileMesh
insts[4].Parent = insts[3]

insts[5] = Instance.new('Part')
insts[5].Name = 'barras'
insts[5].Size = Vector3.new(4, 1, 2)
insts[5].CFrame = CFrame.new(1460.31262, 848.395386, 39.2089386, 0.173625186, 0, 0.984811783, 0, 1, 0, -0.984811783, 0, 0.173625186)
insts[5].Color = Color3.fromRGB(163, 162, 165)
insts[5].Material = Enum.Material.Plastic
insts[5].Transparency = 0
insts[5].Reflectance = 0
insts[5].Anchored = true
insts[5].CanCollide = false
insts[5].CanTouch = false
insts[5].CanQuery = false
insts[5].CollisionGroup = 'Part'
insts[5].Parent = insts[2]

insts[6] = Instance.new('SpecialMesh')
insts[6].Name = 'Mesh'
insts[6].MeshId = 'rbxassetid://6820481576'
insts[6].TextureId = ''
insts[6].Scale = Vector3.new(1, 1, 1)
insts[6].MeshType = Enum.MeshType.FileMesh
insts[6].Parent = insts[5]

insts[7] = Instance.new('Part')
insts[7].Name = 'Part'
insts[7].Size = Vector3.new(35, 1.0072284936904907, 14.91036605834961)
insts[7].CFrame = CFrame.new(1610.27673, 842.669983, -184.543427, 0.173665717, 0, 0.98480469, 0, 1, 0, -0.98480469, 0, 0.173665717)
insts[7].Color = Color3.fromRGB(30, 29, 30)
insts[7].Material = Enum.Material.Asphalt
insts[7].Transparency = 0
insts[7].Reflectance = 0
insts[7].Anchored = true
insts[7].CanCollide = true
insts[7].CanTouch = true
insts[7].CanQuery = true
insts[7].CollisionGroup = 'Part'
insts[7].Parent = insts[1]

insts[8] = Instance.new('Folder')
insts[8].Name = 'tendinha'
insts[8].Parent = insts[1]

insts[9] = Instance.new('Part')
insts[9].Name = 'teto'
insts[9].Size = Vector3.new(4, 1, 2)
insts[9].CFrame = CFrame.new(1415.01123, 859.923218, 31.2221794, 0.173625171, 0, 0.984811783, 0, 1, 0, -0.984811783, 0, 0.173625186)
insts[9].Color = Color3.fromRGB(13, 105, 172)
insts[9].Material = Enum.Material.Plastic
insts[9].Transparency = 0
insts[9].Reflectance = 0
insts[9].Anchored = true
insts[9].CanCollide = false
insts[9].CanTouch = false
insts[9].CanQuery = false
insts[9].CollisionGroup = 'Part'
insts[9].Parent = insts[8]

insts[10] = Instance.new('SpecialMesh')
insts[10].Name = 'Mesh'
insts[10].MeshId = 'rbxassetid://6820481773'
insts[10].TextureId = ''
insts[10].Scale = Vector3.new(1, 1, 1)
insts[10].MeshType = Enum.MeshType.FileMesh
insts[10].Parent = insts[9]

insts[11] = Instance.new('Part')
insts[11].Name = 'barras'
insts[11].Size = Vector3.new(4, 1, 2)
insts[11].CFrame = CFrame.new(1415.01123, 848.395386, 31.2221794, 0.173625186, 0, 0.984811783, 0, 1, 0, -0.984811783, 0, 0.173625186)
insts[11].Color = Color3.fromRGB(163, 162, 165)
insts[11].Material = Enum.Material.Plastic
insts[11].Transparency = 0
insts[11].Reflectance = 0
insts[11].Anchored = true
insts[11].CanCollide = false
insts[11].CanTouch = false
insts[11].CanQuery = false
insts[11].CollisionGroup = 'Part'
insts[11].Parent = insts[8]

insts[12] = Instance.new('SpecialMesh')
insts[12].Name = 'Mesh'
insts[12].MeshId = 'rbxassetid://6820481576'
insts[12].TextureId = ''
insts[12].Scale = Vector3.new(1, 1, 1)
insts[12].MeshType = Enum.MeshType.FileMesh
insts[12].Parent = insts[11]

insts[13] = Instance.new('Part')
insts[13].Name = 'Part'
insts[13].Size = Vector3.new(9.099932670593262, 1.0437660217285156, 0.5999908447265625)
insts[13].CFrame = CFrame.new(1542.32715, 842.688232, -198.059296, -0.544661283, 0, -0.838656187, 0, 1, 0, 0.838656187, 0, -0.544661283)
insts[13].Color = Color3.fromRGB(248, 248, 248)
insts[13].Material = Enum.Material.Asphalt
insts[13].Transparency = 0
insts[13].Reflectance = 0
insts[13].Anchored = true
insts[13].CanCollide = false
insts[13].CanTouch = false
insts[13].CanQuery = false
insts[13].CollisionGroup = 'Part'
insts[13].Parent = insts[1]

insts[14] = Instance.new('Part')
insts[14].Name = 'Part'
insts[14].Size = Vector3.new(35, 1.0072284936904907, 7.897680759429932)
insts[14].CFrame = CFrame.new(1513.79138, 842.669983, -85.9874878, -0.173672259, 0, -0.984803498, 0, 1, 0, 0.984803498, 0, -0.173672259)
insts[14].Color = Color3.fromRGB(30, 29, 30)
insts[14].Material = Enum.Material.Asphalt
insts[14].Transparency = 0
insts[14].Reflectance = 0
insts[14].Anchored = true
insts[14].CanCollide = true
insts[14].CanTouch = true
insts[14].CanQuery = true
insts[14].CollisionGroup = 'Part'
insts[14].Parent = insts[1]

insts[15] = Instance.new('Folder')
insts[15].Name = 'tendinha'
insts[15].Parent = insts[1]

insts[16] = Instance.new('Part')
insts[16].Name = 'barras'
insts[16].Size = Vector3.new(4, 1, 2)
insts[16].CFrame = CFrame.new(1505.61401, 848.395386, 47.1956978, 0.173625186, 0, 0.984811783, 0, 1, 0, -0.984811783, 0, 0.173625186)
insts[16].Color = Color3.fromRGB(163, 162, 165)
insts[16].Material = Enum.Material.Plastic
insts[16].Transparency = 0
insts[16].Reflectance = 0
insts[16].Anchored = true
insts[16].CanCollide = false
insts[16].CanTouch = false
insts[16].CanQuery = false
insts[16].CollisionGroup = 'Part'
insts[16].Parent = insts[15]

insts[17] = Instance.new('SpecialMesh')
insts[17].Name = 'Mesh'
insts[17].MeshId = 'rbxassetid://6820481576'
insts[17].TextureId = ''
insts[17].Scale = Vector3.new(1, 1, 1)
insts[17].MeshType = Enum.MeshType.FileMesh
insts[17].Parent = insts[16]

insts[18] = Instance.new('Part')
insts[18].Name = 'teto'
insts[18].Size = Vector3.new(4, 1, 2)
insts[18].CFrame = CFrame.new(1505.61401, 859.923218, 47.1956978, 0.173625171, 0, 0.984811783, 0, 1, 0, -0.984811783, 0, 0.173625186)
insts[18].Color = Color3.fromRGB(13, 105, 172)
insts[18].Material = Enum.Material.Plastic
insts[18].Transparency = 0
insts[18].Reflectance = 0
insts[18].Anchored = true
insts[18].CanCollide = false
insts[18].CanTouch = false
insts[18].CanQuery = false
insts[18].CollisionGroup = 'Part'
insts[18].Parent = insts[15]

insts[19] = Instance.new('SpecialMesh')
insts[19].Name = 'Mesh'
insts[19].MeshId = 'rbxassetid://6820481773'
insts[19].TextureId = ''
insts[19].Scale = Vector3.new(1, 1, 1)
insts[19].MeshType = Enum.MeshType.FileMesh
insts[19].Parent = insts[18]

insts[20] = Instance.new('Part')
insts[20].Name = 'Part'
insts[20].Size = Vector3.new(33.79985427856445, 1, 10.400001525878906)
insts[20].CFrame = CFrame.new(1419.22449, 842.700989, -28.9603214, 0.984811962, 0, -0.173624292, 0, 1, 0, 0.173624292, 0, 0.984811962)
insts[20].Color = Color3.fromRGB(17, 17, 17)
insts[20].Material = Enum.Material.Asphalt
insts[20].Transparency = 0
insts[20].Reflectance = 0
insts[20].Anchored = true
insts[20].CanCollide = true
insts[20].CanTouch = true
insts[20].CanQuery = true
insts[20].CollisionGroup = 'Part'
insts[20].Parent = insts[1]

insts[21] = Instance.new('Part')
insts[21].Name = 'Part'
insts[21].Size = Vector3.new(35, 1.0072284936904907, 26.93602180480957)
insts[21].CFrame = CFrame.new(2034.58923, 842.669983, -158.824982, 0.866035879, -0, 0.49998185, 0, 1, 0, -0.49998185, 0, 0.866035879)
insts[21].Color = Color3.fromRGB(30, 29, 30)
insts[21].Material = Enum.Material.Asphalt
insts[21].Transparency = 0
insts[21].Reflectance = 0
insts[21].Anchored = true
insts[21].CanCollide = true
insts[21].CanTouch = true
insts[21].CanQuery = true
insts[21].CollisionGroup = 'Part'
insts[21].Parent = insts[1]

insts[22] = Instance.new('Part')
insts[22].Name = 'Part'
insts[22].Size = Vector3.new(35, 1.0072284936904907, 7.897712230682373)
insts[22].CFrame = CFrame.new(1412.68152, 842.669983, -103.815773, -0.173674598, 0, -0.984803081, 0, 1, 0, 0.984803081, 0, -0.173674598)
insts[22].Color = Color3.fromRGB(30, 29, 30)
insts[22].Material = Enum.Material.Asphalt
insts[22].Transparency = 0
insts[22].Reflectance = 0
insts[22].Anchored = true
insts[22].CanCollide = true
insts[22].CanTouch = true
insts[22].CanQuery = true
insts[22].CollisionGroup = 'Part'
insts[22].Parent = insts[1]

insts[23] = Instance.new('Part')
insts[23].Name = 'Part'
insts[23].Size = Vector3.new(35, 1.0072284936904907, 26.93570899963379)
insts[23].CFrame = CFrame.new(2021.44531, 842.669983, -174.490082, 0.642803788, -0, 0.766030848, 0, 1, 0, -0.766030848, 0, 0.642803788)
insts[23].Color = Color3.fromRGB(30, 29, 30)
insts[23].Material = Enum.Material.Asphalt
insts[23].Transparency = 0
insts[23].Reflectance = 0
insts[23].Anchored = true
insts[23].CanCollide = true
insts[23].CanTouch = true
insts[23].CanQuery = true
insts[23].CollisionGroup = 'Part'
insts[23].Parent = insts[1]

insts[24] = Instance.new('Model')
insts[24].Name = 'barreira concreto e pneu pista do tl'
insts[24].Parent = insts[1]

insts[25] = Instance.new('MeshPart')
insts[25].Name = 'TireProp'
insts[25].Size = Vector3.new(4.3416218757629395, 1.966810941696167, 4.3416218757629395)
insts[25].CFrame = CFrame.new(1699.42749, 843.98584, -372.815887, 0.873561621, 0, -0.486713916, 0, 1, 0, 0.486713916, 0, 0.873561621)
insts[25].Color = Color3.fromRGB(202, 203, 209)
insts[25].Material = Enum.Material.SmoothPlastic
insts[25].Transparency = 0
insts[25].Reflectance = 0
insts[25].Anchored = true
insts[25].CanCollide = true
insts[25].CanTouch = true
insts[25].CanQuery = true
insts[25].CollisionGroup = 'Part'
insts[25].Parent = insts[24]

insts[26] = Instance.new('MeshPart')
insts[26].Name = 'TireProp'
insts[26].Size = Vector3.new(4.3416218757629395, 1.966810941696167, 4.3416218757629395)
insts[26].CFrame = CFrame.new(2057.75415, 845.951599, -88.7516327, -0.91757822, 0, -0.39755556, 0, 1, 0, 0.39755556, 0, -0.91757822)
insts[26].Color = Color3.fromRGB(117, 0, 0)
insts[26].Material = Enum.Material.SmoothPlastic
insts[26].Transparency = 0
insts[26].Reflectance = 0
insts[26].Anchored = true
insts[26].CanCollide = true
insts[26].CanTouch = true
insts[26].CanQuery = true
insts[26].CollisionGroup = 'Part'
insts[26].Parent = insts[24]

insts[27] = Instance.new('Part')
insts[27].Name = 'DriftAsphalt'
insts[27].Size = Vector3.new(25.799999237060547, 4.542578220367432, 1.1499691009521484)
insts[27].CFrame = CFrame.new(1685.84827, 845.291931, -381.63858, 0.873561621, 0, 0.486713916, 0, -1, 0, 0.486713916, 0, -0.873561621)
insts[27].Color = Color3.fromRGB(163, 162, 165)
insts[27].Material = Enum.Material.Concrete
insts[27].Transparency = 0
insts[27].Reflectance = 0
insts[27].Anchored = true
insts[27].CanCollide = true
insts[27].CanTouch = true
insts[27].CanQuery = true
insts[27].CollisionGroup = 'Part'
insts[27].Parent = insts[24]

insts[28] = Instance.new('Part')
insts[28].Name = 'DriftAsphalt'
insts[28].Size = Vector3.new(25.799999237060547, 4.542578220367432, 1.1499691009521484)
insts[28].CFrame = CFrame.new(2017.96057, 845.291931, -45.5302582, -0.847246587, 0, 0.531199992, 0, -1, 0, 0.531199992, 0, 0.847246587)
insts[28].Color = Color3.fromRGB(163, 162, 165)
insts[28].Material = Enum.Material.Concrete
insts[28].Transparency = 0
insts[28].Reflectance = 0
insts[28].Anchored = true
insts[28].CanCollide = true
insts[28].CanTouch = true
insts[28].CanQuery = true
insts[28].CollisionGroup = 'Part'
insts[28].Parent = insts[24]

insts[29] = Instance.new('MeshPart')
insts[29].Name = 'TireProp'
insts[29].Size = Vector3.new(4.3416218757629395, 1.966810941696167, 4.3416218757629395)
insts[29].CFrame = CFrame.new(1670.87756, 843.984375, -388.873871, 0.513419867, 0, -0.858137727, 0, 1, 0, 0.858137667, 0, 0.513419926)
insts[29].Color = Color3.fromRGB(202, 203, 209)
insts[29].Material = Enum.Material.SmoothPlastic
insts[29].Transparency = 0
insts[29].Reflectance = 0
insts[29].Anchored = true
insts[29].CanCollide = true
insts[29].CanTouch = true
insts[29].CanQuery = true
insts[29].CollisionGroup = 'Part'
insts[29].Parent = insts[24]

insts[30] = Instance.new('MeshPart')
insts[30].Name = 'TireProp'
insts[30].Size = Vector3.new(4.3416218757629395, 1.966810941696167, 4.3416218757629395)
insts[30].CFrame = CFrame.new(1995.12183, 843.984375, -34.6446877, -0.943281054, 0, 0.331995428, 0, 1, 0, -0.331995428, 0, -0.943281054)
insts[30].Color = Color3.fromRGB(202, 203, 209)
insts[30].Material = Enum.Material.SmoothPlastic
insts[30].Transparency = 0
insts[30].Reflectance = 0
insts[30].Anchored = true
insts[30].CanCollide = true
insts[30].CanTouch = true
insts[30].CanQuery = true
insts[30].CollisionGroup = 'Part'
insts[30].Parent = insts[24]

insts[31] = Instance.new('WedgePart')
insts[31].Name = 'DriftAsphalt'
insts[31].Size = Vector3.new(25.799999237060547, 2.299999952316284, 1.1499996185302734)
insts[31].CFrame = CFrame.new(1978.77185, 844.170532, -31.7730446, 0.982956648, 0, 0.183837399, 0, 1, 0, -0.183837384, 0, 0.982956648)
insts[31].Color = Color3.fromRGB(163, 162, 165)
insts[31].Material = Enum.Material.Concrete
insts[31].Transparency = 0
insts[31].Reflectance = 0
insts[31].Anchored = true
insts[31].CanCollide = true
insts[31].CanTouch = true
insts[31].CanQuery = true
insts[31].CollisionGroup = 'Part'
insts[31].Parent = insts[24]

insts[32] = Instance.new('MeshPart')
insts[32].Name = 'TireProp'
insts[32].Size = Vector3.new(4.3416218757629395, 1.966810941696167, 4.3416218757629395)
insts[32].CFrame = CFrame.new(1962.41711, 845.952942, -28.605381, -0.982956648, 0, -0.183837399, 0, 1, 0, 0.183837384, 0, -0.982956648)
insts[32].Color = Color3.fromRGB(117, 0, 0)
insts[32].Material = Enum.Material.SmoothPlastic
insts[32].Transparency = 0
insts[32].Reflectance = 0
insts[32].Anchored = true
insts[32].CanCollide = true
insts[32].CanTouch = true
insts[32].CanQuery = true
insts[32].CollisionGroup = 'Part'
insts[32].Parent = insts[24]

insts[33] = Instance.new('MeshPart')
insts[33].Name = 'TireProp'
insts[33].Size = Vector3.new(4.3416218757629395, 1.966810941696167, 4.3416218757629395)
insts[33].CFrame = CFrame.new(2031.01343, 845.951599, -55.0962067, -0.999326408, 0, -0.036700815, 0, 1, 0, 0.0367008224, 0, -0.999326408)
insts[33].Color = Color3.fromRGB(117, 0, 0)
insts[33].Material = Enum.Material.SmoothPlastic
insts[33].Transparency = 0
insts[33].Reflectance = 0
insts[33].Anchored = true
insts[33].CanCollide = true
insts[33].CanTouch = true
insts[33].CanQuery = true
insts[33].CollisionGroup = 'Part'
insts[33].Parent = insts[24]

insts[34] = Instance.new('WedgePart')
insts[34].Name = 'DriftAsphalt'
insts[34].Size = Vector3.new(25.799999237060547, 2.299999952316284, 1.1499996185302734)
insts[34].CFrame = CFrame.new(2017.35022, 844.170532, -46.5034637, 0.847246587, 0, 0.531199992, 0, 1, 0, -0.531199992, 0, 0.847246587)
insts[34].Color = Color3.fromRGB(163, 162, 165)
insts[34].Material = Enum.Material.Concrete
insts[34].Transparency = 0
insts[34].Reflectance = 0
insts[34].Anchored = true
insts[34].CanCollide = true
insts[34].CanTouch = true
insts[34].CanQuery = true
insts[34].CollisionGroup = 'Part'
insts[34].Parent = insts[24]

insts[35] = Instance.new('MeshPart')
insts[35].Name = 'TireProp'
insts[35].Size = Vector3.new(4.3416218757629395, 1.966810941696167, 4.3416218757629395)
insts[35].CFrame = CFrame.new(1671.17822, 845.951599, -388.471405, 0.513419867, 0, -0.858137727, 0, 1, 0, 0.858137667, 0, 0.513419926)
insts[35].Color = Color3.fromRGB(117, 0, 0)
insts[35].Material = Enum.Material.SmoothPlastic
insts[35].Transparency = 0
insts[35].Reflectance = 0
insts[35].Anchored = true
insts[35].CanCollide = true
insts[35].CanTouch = true
insts[35].CanQuery = true
insts[35].CollisionGroup = 'Part'
insts[35].Parent = insts[24]

insts[36] = Instance.new('WedgePart')
insts[36].Name = 'DriftAsphalt'
insts[36].Size = Vector3.new(25.799999237060547, 2.299999952316284, 1.1499996185302734)
insts[36].CFrame = CFrame.new(1685.28894, 844.170532, -380.634918, -0.873561621, 0, 0.486713916, 0, 1, 0, -0.486713916, 0, -0.873561621)
insts[36].Color = Color3.fromRGB(163, 162, 165)
insts[36].Material = Enum.Material.Concrete
insts[36].Transparency = 0
insts[36].Reflectance = 0
insts[36].Anchored = true
insts[36].CanCollide = true
insts[36].CanTouch = true
insts[36].CanQuery = true
insts[36].CollisionGroup = 'Part'
insts[36].Parent = insts[24]

insts[37] = Instance.new('MeshPart')
insts[37].Name = 'TireProp'
insts[37].Size = Vector3.new(4.3416218757629395, 1.966810941696167, 4.3416218757629395)
insts[37].CFrame = CFrame.new(1962.90002, 843.98584, -28.7527199, -0.982956648, 0, -0.183837399, 0, 1, 0, 0.183837384, 0, -0.982956648)
insts[37].Color = Color3.fromRGB(202, 203, 209)
insts[37].Material = Enum.Material.SmoothPlastic
insts[37].Transparency = 0
insts[37].Reflectance = 0
insts[37].Anchored = true
insts[37].CanCollide = true
insts[37].CanTouch = true
insts[37].CanQuery = true
insts[37].CollisionGroup = 'Part'
insts[37].Parent = insts[24]

insts[38] = Instance.new('MeshPart')
insts[38].Name = 'TireProp'
insts[38].Size = Vector3.new(4.3416218757629395, 1.966810941696167, 4.3416218757629395)
insts[38].CFrame = CFrame.new(1699.89307, 845.952942, -372.620789, 0.873561621, 0, -0.486713916, 0, 1, 0, 0.486713916, 0, 0.873561621)
insts[38].Color = Color3.fromRGB(117, 0, 0)
insts[38].Material = Enum.Material.SmoothPlastic
insts[38].Transparency = 0
insts[38].Reflectance = 0
insts[38].Anchored = true
insts[38].CanCollide = true
insts[38].CanTouch = true
insts[38].CanQuery = true
insts[38].CollisionGroup = 'Part'
insts[38].Parent = insts[24]

insts[39] = Instance.new('MeshPart')
insts[39].Name = 'TireProp'
insts[39].Size = Vector3.new(4.3416218757629395, 1.966810941696167, 4.3416218757629395)
insts[39].CFrame = CFrame.new(1951.5072, 845.951599, -27.1550274, -0.749373436, 0, 0.662147641, 0, 1, 0, -0.662147641, 0, -0.749373436)
insts[39].Color = Color3.fromRGB(117, 0, 0)
insts[39].Material = Enum.Material.SmoothPlastic
insts[39].Transparency = 0
insts[39].Reflectance = 0
insts[39].Anchored = true
insts[39].CanCollide = true
insts[39].CanTouch = true
insts[39].CanQuery = true
insts[39].CollisionGroup = 'Part'
insts[39].Parent = insts[24]

insts[40] = Instance.new('Part')
insts[40].Name = 'DriftAsphalt'
insts[40].Size = Vector3.new(25.799999237060547, 4.542578220367432, 1.1499691009521484)
insts[40].CFrame = CFrame.new(1978.98315, 845.291931, -30.6438332, -0.982956648, 0, 0.183837399, 0, -1, 0, 0.183837384, 0, 0.982956648)
insts[40].Color = Color3.fromRGB(163, 162, 165)
insts[40].Material = Enum.Material.Concrete
insts[40].Transparency = 0
insts[40].Reflectance = 0
insts[40].Anchored = true
insts[40].CanCollide = true
insts[40].CanTouch = true
insts[40].CanQuery = true
insts[40].CollisionGroup = 'Part'
insts[40].Parent = insts[24]

insts[41] = Instance.new('MeshPart')
insts[41].Name = 'TireProp'
insts[41].Size = Vector3.new(4.3416218757629395, 1.966810941696167, 4.3416218757629395)
insts[41].CFrame = CFrame.new(1919.84167, 843.98584, -33.5115356, -0.979992151, 0, 0.199035704, 0, 1, 0, -0.199035749, 0, -0.979992211)
insts[41].Color = Color3.fromRGB(202, 203, 209)
insts[41].Material = Enum.Material.SmoothPlastic
insts[41].Transparency = 0
insts[41].Reflectance = 0
insts[41].Anchored = true
insts[41].CanCollide = true
insts[41].CanTouch = true
insts[41].CanQuery = true
insts[41].CollisionGroup = 'Part'
insts[41].Parent = insts[24]

insts[42] = Instance.new('WedgePart')
insts[42].Name = 'DriftAsphalt'
insts[42].Size = Vector3.new(25.799999237060547, 2.299999952316284, 1.1499996185302734)
insts[42].CFrame = CFrame.new(2060.29712, 844.170532, -160.540436, -0.408536762, 0, 0.91274178, 0, 1, 0, -0.91274178, 0, -0.408536762)
insts[42].Color = Color3.fromRGB(163, 162, 165)
insts[42].Material = Enum.Material.Concrete
insts[42].Transparency = 0
insts[42].Reflectance = 0
insts[42].Anchored = true
insts[42].CanCollide = true
insts[42].CanTouch = true
insts[42].CanQuery = true
insts[42].CollisionGroup = 'Part'
insts[42].Parent = insts[24]

insts[43] = Instance.new('MeshPart')
insts[43].Name = 'TireProp'
insts[43].Size = Vector3.new(4.3416218757629395, 1.966810941696167, 4.3416218757629395)
insts[43].CFrame = CFrame.new(2067.71338, 843.984375, -132.428513, -0.605558336, 0, -0.795800805, 0, 1, 0, 0.795800805, 0, -0.605558336)
insts[43].Color = Color3.fromRGB(202, 203, 209)
insts[43].Material = Enum.Material.SmoothPlastic
insts[43].Transparency = 0
insts[43].Reflectance = 0
insts[43].Anchored = true
insts[43].CanCollide = true
insts[43].CanTouch = true
insts[43].CanQuery = true
insts[43].CollisionGroup = 'Part'
insts[43].Parent = insts[24]

insts[44] = Instance.new('MeshPart')
insts[44].Name = 'TireProp'
insts[44].Size = Vector3.new(4.3416218757629395, 1.966810941696167, 4.3416218757629395)
insts[44].CFrame = CFrame.new(2058.19263, 843.984375, -88.997406, -0.91757822, 0, -0.39755556, 0, 1, 0, 0.39755556, 0, -0.91757822)
insts[44].Color = Color3.fromRGB(202, 203, 209)
insts[44].Material = Enum.Material.SmoothPlastic
insts[44].Transparency = 0
insts[44].Reflectance = 0
insts[44].Anchored = true
insts[44].CanCollide = true
insts[44].CanTouch = true
insts[44].CanQuery = true
insts[44].CollisionGroup = 'Part'
insts[44].Parent = insts[24]

insts[45] = Instance.new('MeshPart')
insts[45].Name = 'TireProp'
insts[45].Size = Vector3.new(4.3416218757629395, 1.966810941696167, 4.3416218757629395)
insts[45].CFrame = CFrame.new(1994.63318, 845.951599, -34.7621193, -0.943281054, 0, 0.331995428, 0, 1, 0, -0.331995428, 0, -0.943281054)
insts[45].Color = Color3.fromRGB(117, 0, 0)
insts[45].Material = Enum.Material.SmoothPlastic
insts[45].Transparency = 0
insts[45].Reflectance = 0
insts[45].Anchored = true
insts[45].CanCollide = true
insts[45].CanTouch = true
insts[45].CanQuery = true
insts[45].CollisionGroup = 'Part'
insts[45].Parent = insts[24]

insts[46] = Instance.new('MeshPart')
insts[46].Name = 'TireProp'
insts[46].Size = Vector3.new(4.3416218757629395, 1.966810941696167, 4.3416218757629395)
insts[46].CFrame = CFrame.new(2063.42017, 845.952942, -99.4490814, -0.126817793, 0, -0.991925836, 0, 1, 0, 0.991925836, 0, -0.126817793)
insts[46].Color = Color3.fromRGB(117, 0, 0)
insts[46].Material = Enum.Material.SmoothPlastic
insts[46].Transparency = 0
insts[46].Reflectance = 0
insts[46].Anchored = true
insts[46].CanCollide = true
insts[46].CanTouch = true
insts[46].CanQuery = true
insts[46].CollisionGroup = 'Part'
insts[46].Parent = insts[24]

insts[47] = Instance.new('Part')
insts[47].Name = 'DriftAsphalt'
insts[47].Size = Vector3.new(25.799999237060547, 4.542578220367432, 1.1499691009521484)
insts[47].CFrame = CFrame.new(2061.34546, 845.291931, -161.010025, 0.408536762, 0, 0.91274178, 0, -1, 0, 0.91274178, 0, -0.408536762)
insts[47].Color = Color3.fromRGB(163, 162, 165)
insts[47].Material = Enum.Material.Concrete
insts[47].Transparency = 0
insts[47].Reflectance = 0
insts[47].Anchored = true
insts[47].CanCollide = true
insts[47].CanTouch = true
insts[47].CanQuery = true
insts[47].CollisionGroup = 'Part'
insts[47].Parent = insts[24]

insts[48] = Instance.new('MeshPart')
insts[48].Name = 'TireProp'
insts[48].Size = Vector3.new(4.3416218757629395, 1.966810941696167, 4.3416218757629395)
insts[48].CFrame = CFrame.new(1815.6864, 845.952942, -95.1812592, -0.732082009, 0, 0.681216598, 0, 1, 0, -0.681216598, 0, -0.732082009)
insts[48].Color = Color3.fromRGB(117, 0, 0)
insts[48].Material = Enum.Material.SmoothPlastic
insts[48].Transparency = 0
insts[48].Reflectance = 0
insts[48].Anchored = true
insts[48].CanCollide = true
insts[48].CanTouch = true
insts[48].CanQuery = true
insts[48].CollisionGroup = 'Part'
insts[48].Parent = insts[24]

insts[49] = Instance.new('WedgePart')
insts[49].Name = 'DriftAsphalt'
insts[49].Size = Vector3.new(25.799999237060547, 2.299999952316284, 1.1499996185302734)
insts[49].CFrame = CFrame.new(2065.42651, 844.170532, -115.986557, 0.126817793, 0, 0.991925836, 0, 1, 0, -0.991925836, 0, 0.126817793)
insts[49].Color = Color3.fromRGB(163, 162, 165)
insts[49].Material = Enum.Material.Concrete
insts[49].Transparency = 0
insts[49].Reflectance = 0
insts[49].Anchored = true
insts[49].CanCollide = true
insts[49].CanTouch = true
insts[49].CanQuery = true
insts[49].CollisionGroup = 'Part'
insts[49].Parent = insts[24]

insts[50] = Instance.new('MeshPart')
insts[50].Name = 'TireProp'
insts[50].Size = Vector3.new(4.3416218757629395, 1.966810941696167, 4.3416218757629395)
insts[50].CFrame = CFrame.new(1816.09192, 843.98584, -94.8805847, -0.732082009, 0, 0.681216598, 0, 1, 0, -0.681216598, 0, -0.732082009)
insts[50].Color = Color3.fromRGB(202, 203, 209)
insts[50].Material = Enum.Material.SmoothPlastic
insts[50].Transparency = 0
insts[50].Reflectance = 0
insts[50].Anchored = true
insts[50].CanCollide = true
insts[50].CanTouch = true
insts[50].CanQuery = true
insts[50].CollisionGroup = 'Part'
insts[50].Parent = insts[24]

insts[51] = Instance.new('Part')
insts[51].Name = 'DriftAsphalt'
insts[51].Size = Vector3.new(25.799999237060547, 4.542578220367432, 1.1499691009521484)
insts[51].CFrame = CFrame.new(2066.56592, 845.291931, -115.841232, -0.126817793, 0, 0.991925836, 0, -1, 0, 0.991925836, 0, 0.126817793)
insts[51].Color = Color3.fromRGB(163, 162, 165)
insts[51].Material = Enum.Material.Concrete
insts[51].Transparency = 0
insts[51].Reflectance = 0
insts[51].Anchored = true
insts[51].CanCollide = true
insts[51].CanTouch = true
insts[51].CanQuery = true
insts[51].CollisionGroup = 'Part'
insts[51].Parent = insts[24]

insts[52] = Instance.new('WedgePart')
insts[52].Name = 'DriftAsphalt'
insts[52].Size = Vector3.new(25.799999237060547, 2.299999952316284, 1.1499996185302734)
insts[52].CFrame = CFrame.new(2048.15063, 844.170532, -75.7790146, 0.596102476, 0, 0.80290854, 0, 1, 0, -0.80290854, 0, 0.596102476)
insts[52].Color = Color3.fromRGB(163, 162, 165)
insts[52].Material = Enum.Material.Concrete
insts[52].Transparency = 0
insts[52].Reflectance = 0
insts[52].Anchored = true
insts[52].CanCollide = true
insts[52].CanTouch = true
insts[52].CanQuery = true
insts[52].CollisionGroup = 'Part'
insts[52].Parent = insts[24]

insts[53] = Instance.new('MeshPart')
insts[53].Name = 'TireProp'
insts[53].Size = Vector3.new(4.3416218757629395, 1.966810941696167, 4.3416218757629395)
insts[53].CFrame = CFrame.new(1839.78601, 845.951599, -72.9328156, -0.293672115, 0, 0.955906212, 0, 1, 0, -0.955906272, 0, -0.293672115)
insts[53].Color = Color3.fromRGB(117, 0, 0)
insts[53].Material = Enum.Material.SmoothPlastic
insts[53].Transparency = 0
insts[53].Reflectance = 0
insts[53].Anchored = true
insts[53].CanCollide = true
insts[53].CanTouch = true
insts[53].CanQuery = true
insts[53].CollisionGroup = 'Part'
insts[53].Parent = insts[24]

insts[54] = Instance.new('Part')
insts[54].Name = 'DriftAsphalt'
insts[54].Size = Vector3.new(25.799999237060547, 4.542578220367432, 1.1499691009521484)
insts[54].CFrame = CFrame.new(1814.87244, 845.291931, 11.6392822, -0.853794336, -0, 0.520610809, 0, -0.99999994, 0, 0.520610809, 0, 0.853794336)
insts[54].Color = Color3.fromRGB(163, 162, 165)
insts[54].Material = Enum.Material.Concrete
insts[54].Transparency = 0
insts[54].Reflectance = 0
insts[54].Anchored = true
insts[54].CanCollide = true
insts[54].CanTouch = true
insts[54].CanQuery = true
insts[54].CollisionGroup = 'Part'
insts[54].Parent = insts[24]

insts[55] = Instance.new('MeshPart')
insts[55].Name = 'TireProp'
insts[55].Size = Vector3.new(4.3416218757629395, 1.966810941696167, 4.3416218757629395)
insts[55].CFrame = CFrame.new(1951.91577, 843.984375, -26.862608, -0.749373436, 0, 0.662147641, 0, 1, 0, -0.662147641, 0, -0.749373436)
insts[55].Color = Color3.fromRGB(202, 203, 209)
insts[55].Material = Enum.Material.SmoothPlastic
insts[55].Transparency = 0
insts[55].Reflectance = 0
insts[55].Anchored = true
insts[55].CanCollide = true
insts[55].CanTouch = true
insts[55].CanQuery = true
insts[55].CollisionGroup = 'Part'
insts[55].Parent = insts[24]

insts[56] = Instance.new('MeshPart')
insts[56].Name = 'TireProp'
insts[56].Size = Vector3.new(4.3416218757629395, 1.966810941696167, 4.3416218757629395)
insts[56].CFrame = CFrame.new(2067.45142, 845.951599, -131.999557, -0.605558336, 0, -0.795800805, 0, 1, 0, 0.795800805, 0, -0.605558336)
insts[56].Color = Color3.fromRGB(117, 0, 0)
insts[56].Material = Enum.Material.SmoothPlastic
insts[56].Transparency = 0
insts[56].Reflectance = 0
insts[56].Anchored = true
insts[56].CanCollide = true
insts[56].CanTouch = true
insts[56].CanQuery = true
insts[56].CollisionGroup = 'Part'
insts[56].Parent = insts[24]

insts[57] = Instance.new('MeshPart')
insts[57].Name = 'TireProp'
insts[57].Size = Vector3.new(4.3416218757629395, 1.966810941696167, 4.3416218757629395)
insts[57].CFrame = CFrame.new(2047.81201, 843.98584, -183.61232, 0.779227197, 0, -0.626741767, 0, 1, 0, 0.626741767, 0, 0.779227197)
insts[57].Color = Color3.fromRGB(202, 203, 209)
insts[57].Material = Enum.Material.SmoothPlastic
insts[57].Transparency = 0
insts[57].Reflectance = 0
insts[57].Anchored = true
insts[57].CanCollide = true
insts[57].CanTouch = true
insts[57].CanQuery = true
insts[57].CollisionGroup = 'Part'
insts[57].Parent = insts[24]

insts[58] = Instance.new('MeshPart')
insts[58].Name = 'TireProp'
insts[58].Size = Vector3.new(4.3416218757629395, 1.966810941696167, 4.3416218757629395)
insts[58].CFrame = CFrame.new(2063.42822, 843.98584, -99.9537811, -0.126817793, 0, -0.991925836, 0, 1, 0, 0.991925836, 0, -0.126817793)
insts[58].Color = Color3.fromRGB(202, 203, 209)
insts[58].Material = Enum.Material.SmoothPlastic
insts[58].Transparency = 0
insts[58].Reflectance = 0
insts[58].Anchored = true
insts[58].CanCollide = true
insts[58].CanTouch = true
insts[58].CanQuery = true
insts[58].CollisionGroup = 'Part'
insts[58].Parent = insts[24]

insts[59] = Instance.new('MeshPart')
insts[59].Name = 'TireProp'
insts[59].Size = Vector3.new(4.3416218757629395, 1.966810941696167, 4.3416218757629395)
insts[59].CFrame = CFrame.new(1919.33887, 845.952942, -33.5564575, -0.979992151, 0, 0.199035704, 0, 1, 0, -0.199035749, 0, -0.979992211)
insts[59].Color = Color3.fromRGB(117, 0, 0)
insts[59].Material = Enum.Material.SmoothPlastic
insts[59].Transparency = 0
insts[59].Reflectance = 0
insts[59].Anchored = true
insts[59].CanCollide = true
insts[59].CanTouch = true
insts[59].CanQuery = true
insts[59].CollisionGroup = 'Part'
insts[59].Parent = insts[24]

insts[60] = Instance.new('WedgePart')
insts[60].Name = 'DriftAsphalt'
insts[60].Size = Vector3.new(25.799999237060547, 2.299999952316284, 1.1499996185302734)
insts[60].CFrame = CFrame.new(1935.68518, 844.170532, -30.3458233, 0.979992151, 0, -0.199035704, 0, 1, 0, 0.199035749, 0, 0.979992211)
insts[60].Color = Color3.fromRGB(163, 162, 165)
insts[60].Material = Enum.Material.Concrete
insts[60].Transparency = 0
insts[60].Reflectance = 0
insts[60].Anchored = true
insts[60].CanCollide = true
insts[60].CanTouch = true
insts[60].CanQuery = true
insts[60].CollisionGroup = 'Part'
insts[60].Parent = insts[24]

insts[61] = Instance.new('MeshPart')
insts[61].Name = 'TireProp'
insts[61].Size = Vector3.new(4.3416218757629395, 1.966810941696167, 4.3416218757629395)
insts[61].CFrame = CFrame.new(1828.5415, 843.984375, 2.17248535, -0.99970603, 0, -0.0242566168, 0, 0.99999994, 0, 0.0242566168, 0, -0.99970603)
insts[61].Color = Color3.fromRGB(202, 203, 209)
insts[61].Material = Enum.Material.SmoothPlastic
insts[61].Transparency = 0
insts[61].Reflectance = 0
insts[61].Anchored = true
insts[61].CanCollide = true
insts[61].CanTouch = true
insts[61].CanQuery = true
insts[61].CollisionGroup = 'Part'
insts[61].Parent = insts[24]

insts[62] = Instance.new('MeshPart')
insts[62].Name = 'TireProp'
insts[62].Size = Vector3.new(4.3416218757629395, 1.966810941696167, 4.3416218757629395)
insts[62].CFrame = CFrame.new(1876.41443, 843.98584, -152.410568, 0.540415823, 0, 0.84139806, 0, 1, 0, -0.84139806, 0, 0.540415823)
insts[62].Color = Color3.fromRGB(202, 203, 209)
insts[62].Material = Enum.Material.SmoothPlastic
insts[62].Transparency = 0
insts[62].Reflectance = 0
insts[62].Anchored = true
insts[62].CanCollide = true
insts[62].CanTouch = true
insts[62].CanQuery = true
insts[62].CollisionGroup = 'Part'
insts[62].Parent = insts[24]

insts[63] = Instance.new('MeshPart')
insts[63].Name = 'TireProp'
insts[63].Size = Vector3.new(4.3416218757629395, 1.966810941696167, 4.3416218757629395)
insts[63].CFrame = CFrame.new(1876.63855, 845.952942, -152.862717, 0.540415823, 0, 0.84139806, 0, 1, 0, -0.84139806, 0, 0.540415823)
insts[63].Color = Color3.fromRGB(117, 0, 0)
insts[63].Material = Enum.Material.SmoothPlastic
insts[63].Transparency = 0
insts[63].Reflectance = 0
insts[63].Anchored = true
insts[63].CanCollide = true
insts[63].CanTouch = true
insts[63].CanQuery = true
insts[63].CollisionGroup = 'Part'
insts[63].Parent = insts[24]

insts[64] = Instance.new('Part')
insts[64].Name = 'DriftAsphalt'
insts[64].Size = Vector3.new(25.799999237060547, 4.542578220367432, 1.1499691009521484)
insts[64].CFrame = CFrame.new(1935.45654, 845.291931, -29.2199688, -0.979992151, 0, -0.199035704, 0, -1, 0, -0.199035749, 0, 0.979992211)
insts[64].Color = Color3.fromRGB(163, 162, 165)
insts[64].Material = Enum.Material.Concrete
insts[64].Transparency = 0
insts[64].Reflectance = 0
insts[64].Anchored = true
insts[64].CanCollide = true
insts[64].CanTouch = true
insts[64].CanQuery = true
insts[64].CollisionGroup = 'Part'
insts[64].Parent = insts[24]

insts[65] = Instance.new('MeshPart')
insts[65].Name = 'TireProp'
insts[65].Size = Vector3.new(4.3416218757629395, 1.966810941696167, 4.3416218757629395)
insts[65].CFrame = CFrame.new(2038.30676, 845.952942, -62.3399887, -0.596102476, 0, -0.80290854, 0, 1, 0, 0.80290854, 0, -0.596102476)
insts[65].Color = Color3.fromRGB(117, 0, 0)
insts[65].Material = Enum.Material.SmoothPlastic
insts[65].Transparency = 0
insts[65].Reflectance = 0
insts[65].Anchored = true
insts[65].CanCollide = true
insts[65].CanTouch = true
insts[65].CanQuery = true
insts[65].CollisionGroup = 'Part'
insts[65].Parent = insts[24]

insts[66] = Instance.new('Part')
insts[66].Name = 'DriftAsphalt'
insts[66].Size = Vector3.new(25.799999237060547, 4.542578220367432, 1.1499691009521484)
insts[66].CFrame = CFrame.new(1866.75903, 845.291931, -139.409592, 0.540415823, 0, -0.84139806, 0, -1, 0, -0.84139806, 0, -0.540415823)
insts[66].Color = Color3.fromRGB(163, 162, 165)
insts[66].Material = Enum.Material.Concrete
insts[66].Transparency = 0
insts[66].Reflectance = 0
insts[66].Anchored = true
insts[66].CanCollide = true
insts[66].CanTouch = true
insts[66].CanQuery = true
insts[66].CollisionGroup = 'Part'
insts[66].Parent = insts[24]

insts[67] = Instance.new('Part')
insts[67].Name = 'DriftAsphalt'
insts[67].Size = Vector3.new(25.799999237060547, 4.542578220367432, 1.1499691009521484)
insts[67].CFrame = CFrame.new(2049.073, 845.291931, -75.0946121, -0.596102476, 0, 0.80290854, 0, -1, 0, 0.80290854, 0, 0.596102476)
insts[67].Color = Color3.fromRGB(163, 162, 165)
insts[67].Material = Enum.Material.Concrete
insts[67].Transparency = 0
insts[67].Reflectance = 0
insts[67].Anchored = true
insts[67].CanCollide = true
insts[67].CanTouch = true
insts[67].CanQuery = true
insts[67].CollisionGroup = 'Part'
insts[67].Parent = insts[24]

insts[68] = Instance.new('WedgePart')
insts[68].Name = 'DriftAsphalt'
insts[68].Size = Vector3.new(25.799999237060547, 2.299999952316284, 1.1499996185302734)
insts[68].CFrame = CFrame.new(2035.19043, 844.170532, -193.698746, -0.779227197, 0, 0.626741767, 0, 1, 0, -0.626741767, 0, -0.779227197)
insts[68].Color = Color3.fromRGB(163, 162, 165)
insts[68].Material = Enum.Material.Concrete
insts[68].Transparency = 0
insts[68].Reflectance = 0
insts[68].Anchored = true
insts[68].CanCollide = true
insts[68].CanTouch = true
insts[68].CanQuery = true
insts[68].CollisionGroup = 'Part'
insts[68].Parent = insts[24]

insts[69] = Instance.new('MeshPart')
insts[69].Name = 'TireProp'
insts[69].Size = Vector3.new(4.3416218757629395, 1.966810941696167, 4.3416218757629395)
insts[69].CFrame = CFrame.new(2053.68286, 845.951599, -175.263504, -0.102277562, 0, -0.994755924, 0, 1, 0, 0.994755924, 0, -0.102277562)
insts[69].Color = Color3.fromRGB(117, 0, 0)
insts[69].Material = Enum.Material.SmoothPlastic
insts[69].Transparency = 0
insts[69].Reflectance = 0
insts[69].Anchored = true
insts[69].CanCollide = true
insts[69].CanTouch = true
insts[69].CanQuery = true
insts[69].CollisionGroup = 'Part'
insts[69].Parent = insts[24]

insts[70] = Instance.new('MeshPart')
insts[70].Name = 'TireProp'
insts[70].Size = Vector3.new(4.3416218757629395, 1.966810941696167, 4.3416218757629395)
insts[70].CFrame = CFrame.new(2048.23804, 845.952942, -183.341568, 0.779227197, 0, -0.626741767, 0, 1, 0, 0.626741767, 0, 0.779227197)
insts[70].Color = Color3.fromRGB(117, 0, 0)
insts[70].Material = Enum.Material.SmoothPlastic
insts[70].Transparency = 0
insts[70].Reflectance = 0
insts[70].Anchored = true
insts[70].CanCollide = true
insts[70].CanTouch = true
insts[70].CanQuery = true
insts[70].CollisionGroup = 'Part'
insts[70].Parent = insts[24]

insts[71] = Instance.new('MeshPart')
insts[71].Name = 'TireProp'
insts[71].Size = Vector3.new(4.3416218757629395, 1.966810941696167, 4.3416218757629395)
insts[71].CFrame = CFrame.new(2003.29333, 845.952942, -37.5639191, -0.847246587, 0, -0.531199992, 0, 1, 0, 0.531199992, 0, -0.847246587)
insts[71].Color = Color3.fromRGB(117, 0, 0)
insts[71].Material = Enum.Material.SmoothPlastic
insts[71].Transparency = 0
insts[71].Reflectance = 0
insts[71].Anchored = true
insts[71].CanCollide = true
insts[71].CanTouch = true
insts[71].CanQuery = true
insts[71].CollisionGroup = 'Part'
insts[71].Parent = insts[24]

insts[72] = Instance.new('MeshPart')
insts[72].Name = 'TireProp'
insts[72].Size = Vector3.new(4.3416218757629395, 1.966810941696167, 4.3416218757629395)
insts[72].CFrame = CFrame.new(2003.68872, 843.98584, -37.8779449, -0.847246587, 0, -0.531199992, 0, 1, 0, 0.531199992, 0, -0.847246587)
insts[72].Color = Color3.fromRGB(202, 203, 209)
insts[72].Material = Enum.Material.SmoothPlastic
insts[72].Transparency = 0
insts[72].Reflectance = 0
insts[72].Anchored = true
insts[72].CanCollide = true
insts[72].CanTouch = true
insts[72].CanQuery = true
insts[72].CollisionGroup = 'Part'
insts[72].Parent = insts[24]

insts[73] = Instance.new('MeshPart')
insts[73].Name = 'TireProp'
insts[73].Size = Vector3.new(4.3416218757629395, 1.966810941696167, 4.3416218757629395)
insts[73].CFrame = CFrame.new(1859.02197, 845.951599, -125.196106, 0.88857919, 0, 0.458723336, 0, 1, 0, -0.458723336, 0, 0.88857919)
insts[73].Color = Color3.fromRGB(117, 0, 0)
insts[73].Material = Enum.Material.SmoothPlastic
insts[73].Transparency = 0
insts[73].Reflectance = 0
insts[73].Anchored = true
insts[73].CanCollide = true
insts[73].CanTouch = true
insts[73].CanQuery = true
insts[73].CollisionGroup = 'Part'
insts[73].Parent = insts[24]

insts[74] = Instance.new('MeshPart')
insts[74].Name = 'TireProp'
insts[74].Size = Vector3.new(4.3416218757629395, 1.966810941696167, 4.3416218757629395)
insts[74].CFrame = CFrame.new(1828.04321, 845.951599, 2.23632812, -0.99970603, 0, -0.0242566168, 0, 0.99999994, 0, 0.0242566168, 0, -0.99970603)
insts[74].Color = Color3.fromRGB(117, 0, 0)
insts[74].Material = Enum.Material.SmoothPlastic
insts[74].Transparency = 0
insts[74].Reflectance = 0
insts[74].Anchored = true
insts[74].CanCollide = true
insts[74].CanTouch = true
insts[74].CanQuery = true
insts[74].CollisionGroup = 'Part'
insts[74].Parent = insts[24]

insts[75] = Instance.new('MeshPart')
insts[75].Name = 'TireProp'
insts[75].Size = Vector3.new(4.3416218757629395, 1.966810941696167, 4.3416218757629395)
