-- PARTE 1 DE 1 - CONTINUAÇÃO AUTOMÁTICA
_G.ExportedInstances = _G.ExportedInstances or {}
local insts = _G.ExportedInstances
local paiOriginal = workspace
pcall(function() game:GetService('PhysicsService'):RegisterCollisionGroup('Part') end)

insts[1] = Instance.new('Folder')
insts[1].Name = 'santz.bk '
insts[1].Parent = paiOriginal

insts[2] = Instance.new('Part')
insts[2].Name = 'Part'
insts[2].Size = Vector3.new(2.2847752571105957, 11.957090377807617, 1.9928483963012695)
insts[2].CFrame = CFrame.new(1775.13562, 903.04303, -425.26062, 0.909959733, 0.118622996, -0.397368729, 0, 0.958215415, 0.286047637, 0.414696664, -0.260291815, 0.871937454)
insts[2].Color = Color3.fromRGB(248, 248, 248)
insts[2].Material = Enum.Material.Plastic
insts[2].Transparency = 0
insts[2].Reflectance = 0
insts[2].Anchored = true
insts[2].CanCollide = true
insts[2].CanTouch = true
insts[2].CanQuery = true
insts[2].CollisionGroup = 'Part'
insts[2].Parent = insts[1]

insts[3] = Instance.new('Part')
insts[3].Name = 'Part'
insts[3].Size = Vector3.new(3.985696792602539, 11.957090377807617, 1.9928483963012695)
insts[3].CFrame = CFrame.new(1777.98889, 903.043274, -423.960419, 0.909959733, 0.118622959, -0.397368819, 0, 0.958215535, 0.286047548, 0.414696723, -0.260291755, 0.871937513)
insts[3].Color = Color3.fromRGB(248, 248, 248)
insts[3].Material = Enum.Material.Plastic
insts[3].Transparency = 0
insts[3].Reflectance = 0
insts[3].Anchored = true
insts[3].CanCollide = true
insts[3].CanTouch = true
insts[3].CanQuery = true
insts[3].CollisionGroup = 'Part'
insts[3].Parent = insts[1]

insts[4] = Instance.new('Part')
insts[4].Name = 'Part'
insts[4].Size = Vector3.new(3.985696792602539, 11.957090377807617, 1.9928483963012695)
insts[4].CFrame = CFrame.new(1781.61609, 903.043518, -422.307648, 0.909959733, 0.118622929, -0.397368759, 0, 0.958215535, 0.286047518, 0.414696664, -0.260291725, 0.871937513)
insts[4].Color = Color3.fromRGB(248, 248, 248)
insts[4].Material = Enum.Material.Plastic
insts[4].Transparency = 0
insts[4].Reflectance = 0
insts[4].Anchored = true
insts[4].CanCollide = true
insts[4].CanTouch = true
insts[4].CanQuery = true
insts[4].CollisionGroup = 'Part'
insts[4].Parent = insts[1]

insts[5] = Instance.new('Part')
insts[5].Name = 'Part'
insts[5].Size = Vector3.new(3.985696792602539, 11.957090377807617, 1.9928483963012695)
insts[5].CFrame = CFrame.new(1785.24292, 903.043274, -420.654724, 0.909959674, 0.118622959, -0.397368848, 0, 0.958215535, 0.286047518, 0.414696753, -0.260291725, 0.871937454)
insts[5].Color = Color3.fromRGB(248, 248, 248)
insts[5].Material = Enum.Material.Plastic
insts[5].Transparency = 0
insts[5].Reflectance = 0
insts[5].Anchored = true
insts[5].CanCollide = true
insts[5].CanTouch = true
insts[5].CanQuery = true
insts[5].CollisionGroup = 'Part'
insts[5].Parent = insts[1]

insts[6] = Instance.new('Part')
insts[6].Name = 'Part'
insts[6].Size = Vector3.new(3.985696792602539, 11.957090377807617, 1.9928483963012695)
insts[6].CFrame = CFrame.new(1788.86987, 903.043274, -419.00177, 0.909959733, 0.118622929, -0.397368759, 0, 0.958215535, 0.286047459, 0.414696664, -0.260291666, 0.871937513)
insts[6].Color = Color3.fromRGB(248, 248, 248)
insts[6].Material = Enum.Material.Plastic
insts[6].Transparency = 0
insts[6].Reflectance = 0
insts[6].Anchored = true
insts[6].CanCollide = true
insts[6].CanTouch = true
insts[6].CanQuery = true
insts[6].CollisionGroup = 'Part'
insts[6].Parent = insts[1]

insts[7] = Instance.new('Part')
insts[7].Name = 'Part'
insts[7].Size = Vector3.new(3.985696792602539, 11.957090377807617, 1.9928483963012695)
insts[7].CFrame = CFrame.new(1792.4967, 903.043274, -417.348816, 0.909959733, 0.118622907, -0.397368699, 0, 0.958215535, 0.286047399, 0.414696604, -0.260291636, 0.871937513)
insts[7].Color = Color3.fromRGB(248, 248, 248)
insts[7].Material = Enum.Material.Plastic
insts[7].Transparency = 0
insts[7].Reflectance = 0
insts[7].Anchored = true
insts[7].CanCollide = true
insts[7].CanTouch = true
insts[7].CanQuery = true
insts[7].CollisionGroup = 'Part'
insts[7].Parent = insts[1]

insts[8] = Instance.new('Part')
insts[8].Name = 'Part'
insts[8].Size = Vector3.new(3.985696792602539, 11.957090377807617, 1.9928483963012695)
insts[8].CFrame = CFrame.new(1796.12354, 903.043274, -415.696075, 0.909959733, 0.118622959, -0.397368848, 0, 0.958215535, 0.286047459, 0.414696753, -0.260291666, 0.871937454)
insts[8].Color = Color3.fromRGB(248, 248, 248)
insts[8].Material = Enum.Material.Plastic
insts[8].Transparency = 0
insts[8].Reflectance = 0
insts[8].Anchored = true
insts[8].CanCollide = true
insts[8].CanTouch = true
insts[8].CanQuery = true
insts[8].CollisionGroup = 'Part'
insts[8].Parent = insts[1]

insts[9] = Instance.new('Part')
insts[9].Name = 'Part'
insts[9].Size = Vector3.new(2.517382860183716, 11.957090377807617, 1.99284827709198)
insts[9].CFrame = CFrame.new(1799.08264, 903.043274, -414.347565, 0.909959674, 0.118622914, -0.397368759, 0, 0.958215535, 0.286047399, 0.414696634, -0.260291606, 0.871937513)
insts[9].Color = Color3.fromRGB(248, 248, 248)
insts[9].Material = Enum.Material.Plastic
insts[9].Transparency = 0
insts[9].Reflectance = 0
insts[9].Anchored = true
insts[9].CanCollide = true
insts[9].CanTouch = true
insts[9].CanQuery = true
insts[9].CollisionGroup = 'Part'
insts[9].Parent = insts[1]

insts[10] = Instance.new('Part')
insts[10].Name = 'Part'
insts[10].Size = Vector3.new(1.0508509874343872, 11.957090377807617, 1.9928481578826904)
insts[10].CFrame = CFrame.new(1801.97192, 902.751099, -412.93515, 0.85423249, 0.335238546, -0.397368878, -0.231813297, 0.929752409, 0.286047488, 0.465348721, -0.152235657, 0.871937454)
insts[10].Color = Color3.fromRGB(248, 248, 248)
insts[10].Material = Enum.Material.Plastic
insts[10].Transparency = 0
insts[10].Reflectance = 0
insts[10].Anchored = true
insts[10].CanCollide = true
insts[10].CanTouch = true
insts[10].CanQuery = true
insts[10].CollisionGroup = 'Part'
insts[10].Parent = insts[1]

insts[11] = Instance.new('Part')
insts[11].Name = 'Part'
insts[11].Size = Vector3.new(1.0482773780822754, 11.957090377807617, 1.9928481578826904)
insts[11].CFrame = CFrame.new(1803.98865, 901.893372, -411.734497, 0.7477566, 0.531938136, -0.397368789, -0.44985494, 0.846054018, 0.286047518, 0.488355041, -0.0351355784, 0.871937394)
insts[11].Color = Color3.fromRGB(248, 248, 248)
insts[11].Material = Enum.Material.Plastic
insts[11].Transparency = 0
insts[11].Reflectance = 0
insts[11].Anchored = true
insts[11].CanCollide = true
insts[11].CanTouch = true
insts[11].CanQuery = true
insts[11].CollisionGroup = 'Part'
insts[11].Parent = insts[1]

insts[12] = Instance.new('Part')
insts[12].Name = 'Part'
insts[12].Size = Vector3.new(1.048457145690918, 11.957090377807617, 1.9928481578826904)
insts[12].CFrame = CFrame.new(1805.68054, 900.520325, -410.513245, 0.596857548, 0.697035909, -0.397368848, -0.641171336, 0.712092817, 0.286047459, 0.482348859, 0.0840519145, 0.871937454)
insts[12].Color = Color3.fromRGB(248, 248, 248)
insts[12].Material = Enum.Material.Plastic
insts[12].Transparency = 0
insts[12].Reflectance = 0
insts[12].Anchored = true
insts[12].CanCollide = true
insts[12].CanTouch = true
insts[12].CanQuery = true
insts[12].CollisionGroup = 'Part'
insts[12].Parent = insts[1]

insts[13] = Instance.new('Part')
insts[13].Name = 'Part'
insts[13].Size = Vector3.new(1.0511469841003418, 11.957090377807617, 1.9928481578826904)
insts[13].CFrame = CFrame.new(1806.94873, 898.712891, -409.342346, 0.41050005, 0.820723951, -0.397368819, -0.794396639, 0.535827219, 0.286047578, 0.447687119, 0.198245913, 0.871937454)
insts[13].Color = Color3.fromRGB(248, 248, 248)
insts[13].Material = Enum.Material.Plastic
insts[13].Transparency = 0
insts[13].Reflectance = 0
insts[13].Anchored = true
insts[13].CanCollide = true
insts[13].CanTouch = true
insts[13].CanQuery = true
insts[13].CollisionGroup = 'Part'
insts[13].Parent = insts[1]

insts[14] = Instance.new('Part')
insts[14].Name = 'Part'
insts[14].Size = Vector3.new(1.0494418144226074, 11.957090377807617, 1.9928481578826904)
insts[14].CFrame = CFrame.new(1807.71716, 896.578918, -408.291962, 0.199755296, 0.895653903, -0.397368759, -0.900427997, 0.327728897, 0.286047637, 0.386428893, 0.300662488, 0.871937335)
insts[14].Color = Color3.fromRGB(248, 248, 248)
insts[14].Material = Enum.Material.Plastic
insts[14].Transparency = 0
insts[14].Reflectance = 0
insts[14].Anchored = true
insts[14].CanCollide = true
insts[14].CanTouch = true
insts[14].CanQuery = true
insts[14].CollisionGroup = 'Part'
insts[14].Parent = insts[1]

insts[15] = Instance.new('Part')
insts[15].Name = 'Part'
insts[15].Size = Vector3.new(1.048775553703308, 11.957090377807617, 1.9928481578826904)
insts[15].CFrame = CFrame.new(1807.93982, 894.246216, -407.42514, -0.0228566397, 0.917374313, -0.397368759, -0.952966213, 0.100160658, 0.286047697, 0.30221352, 0.3852171, 0.871937335)
insts[15].Color = Color3.fromRGB(248, 248, 248)
insts[15].Material = Enum.Material.Plastic
insts[15].Transparency = 0
insts[15].Reflectance = 0
insts[15].Anchored = true
insts[15].CanCollide = true
insts[15].CanTouch = true
insts[15].CanQuery = true
insts[15].CollisionGroup = 'Part'
insts[15].Parent = insts[1]

insts[16] = Instance.new('Part')
insts[16].Name = 'Part'
insts[16].Size = Vector3.new(0.96858811378479, 11.957090377807617, 1.9928479194641113)
insts[16].CFrame = CFrame.new(1807.61389, 891.890686, -406.801178, -0.244110614, 0.884594858, -0.397368938, -0.94889009, -0.133357927, 0.286047637, 0.200043947, 0.446886688, 0.871937394)
insts[16].Color = Color3.fromRGB(248, 248, 248)
insts[16].Material = Enum.Material.Plastic
insts[16].Transparency = 0
insts[16].Reflectance = 0
insts[16].Anchored = true
insts[16].CanCollide = true
insts[16].CanTouch = true
insts[16].CanQuery = true
insts[16].CollisionGroup = 'Part'
insts[16].Parent = insts[1]

insts[17] = Instance.new('Part')
insts[17].Name = 'Part'
insts[17].Size = Vector3.new(0.9000287055969238, 11.957090377807617, 1.9928479194641113)
insts[17].CFrame = CFrame.new(1807.08472, 890.25177, -406.504608, -0.362199932, 0.84315443, -0.397368759, -0.921920836, -0.261225253, 0.286047816, 0.137379736, 0.469949067, 0.871937335)
insts[17].Color = Color3.fromRGB(248, 248, 248)
insts[17].Material = Enum.Material.Plastic
insts[17].Transparency = 0
insts[17].Reflectance = 0
insts[17].Anchored = true
insts[17].CanCollide = true
insts[17].CanTouch = true
insts[17].CanQuery = true
insts[17].CollisionGroup = 'Part'
insts[17].Parent = insts[1]

insts[18] = Instance.new('Part')
insts[18].Name = 'Part'
insts[18].Size = Vector3.new(0.9037221074104309, 11.957090377807617, 1.9928478002548218)
insts[18].CFrame = CFrame.new(1806.36658, 888.704834, -406.324799, -0.473552406, 0.786032021, -0.39736864, -0.877804697, -0.384233803, 0.286047786, 0.0721602589, 0.484270632, 0.871937454)
insts[18].Color = Color3.fromRGB(248, 248, 248)
insts[18].Material = Enum.Material.Plastic
insts[18].Transparency = 0
insts[18].Reflectance = 0
insts[18].Anchored = true
insts[18].CanCollide = true
insts[18].CanTouch = true
insts[18].CanQuery = true
insts[18].CollisionGroup = 'Part'
insts[18].Parent = insts[1]

insts[19] = Instance.new('Part')
insts[19].Name = 'Part'
insts[19].Size = Vector3.new(0.8996667861938477, 11.957090377807617, 1.9928478002548218)
insts[19].CFrame = CFrame.new(1805.46436, 887.247925, -406.257996, -0.57609719, 0.714290082, -0.39736855, -0.81736213, -0.500095963, 0.286047727, 0.00559866382, 0.489585251, 0.871937454)
insts[19].Color = Color3.fromRGB(248, 248, 248)
insts[19].Material = Enum.Material.Plastic
insts[19].Transparency = 0
insts[19].Reflectance = 0
insts[19].Anchored = true
insts[19].CanCollide = true
insts[19].CanTouch = true
insts[19].CanQuery = true
insts[19].CollisionGroup = 'Part'
insts[19].Parent = insts[1]

insts[20] = Instance.new('Part')
insts[20].Name = 'Part'
insts[20].Size = Vector3.new(0.9014845490455627, 11.957090377807617, 1.9928479194641113)
insts[20].CFrame = CFrame.new(1804.39563, 885.908691, -406.305634, -0.667926967, 0.629262924, -0.39736852, -0.741717219, -0.606656671, 0.286047727, -0.0610670261, 0.485794067, 0.871937454)
insts[20].Color = Color3.fromRGB(248, 248, 248)
insts[20].Material = Enum.Material.Plastic
insts[20].Transparency = 0
insts[20].Reflectance = 0
insts[20].Anchored = true
insts[20].CanCollide = true
insts[20].CanTouch = true
insts[20].CanQuery = true
insts[20].CollisionGroup = 'Part'
insts[20].Parent = insts[1]

insts[21] = Instance.new('Part')
insts[21].Name = 'Part'
insts[21].Size = Vector3.new(0.9015899300575256, 11.957090377807617, 1.9928480386734009)
insts[21].CFrame = CFrame.new(1803.17957, 884.710632, -406.467041, -0.747333944, 0.532531977, -0.397368461, -0.652276933, -0.701934099, 0.286047727, -0.126596943, 0.472967446, 0.871937513)
insts[21].Color = Color3.fromRGB(248, 248, 248)
insts[21].Material = Enum.Material.Plastic
insts[21].Transparency = 0
insts[21].Reflectance = 0
insts[21].Anchored = true
insts[21].CanCollide = true
insts[21].CanTouch = true
insts[21].CanQuery = true
insts[21].CollisionGroup = 'Part'
insts[21].Parent = insts[1]

insts[22] = Instance.new('Part')
insts[22].Name = 'Part'
insts[22].Size = Vector3.new(0.9005053639411926, 11.957090377807617, 1.9928480386734009)
insts[22].CFrame = CFrame.new(1801.83911, 883.677246, -406.738831, -0.812841117, 0.425896406, -0.397368491, -0.550704956, -0.784156144, 0.286047667, -0.189772233, 0.451344043, 0.871937633)
insts[22].Color = Color3.fromRGB(248, 248, 248)
insts[22].Material = Enum.Material.Plastic
insts[22].Transparency = 0
insts[22].Reflectance = 0
insts[22].Anchored = true
insts[22].CanCollide = true
insts[22].CanTouch = true
insts[22].CanQuery = true
insts[22].CollisionGroup = 'Part'
insts[22].Parent = insts[1]

insts[23] = Instance.new('Part')
insts[23].Name = 'Part'
insts[23].Size = Vector3.new(0.9048017859458923, 11.957090377807617, 1.9928480386734009)
insts[23].CFrame = CFrame.new(1800.39783, 882.826294, -407.116394, -0.863230109, 0.311339438, -0.397368461, -0.438890249, -0.851793468, 0.286047667, -0.249417916, 0.421326011, 0.871937633)
insts[23].Color = Color3.fromRGB(248, 248, 248)
insts[23].Material = Enum.Material.Plastic
insts[23].Transparency = 0
insts[23].Reflectance = 0
insts[23].Anchored = true
insts[23].CanCollide = true
insts[23].CanTouch = true
insts[23].CanQuery = true
insts[23].CollisionGroup = 'Part'
insts[23].Parent = insts[1]

insts[24] = Instance.new('Part')
insts[24].Name = 'Part'
insts[24].Size = Vector3.new(0.9027591347694397, 11.957090377807617, 1.9928479194641113)
insts[24].CFrame = CFrame.new(1798.88245, 882.174072, -407.593079, -0.897563696, 0.190991923, -0.397368342, -0.318912596, -0.903588176, 0.286047757, -0.304424524, 0.383471847, 0.871937573)
insts[24].Color = Color3.fromRGB(248, 248, 248)
insts[24].Material = Enum.Material.Plastic
insts[24].Transparency = 0
insts[24].Reflectance = 0
insts[24].Anchored = true
insts[24].CanCollide = true
insts[24].CanTouch = true
insts[24].CanQuery = true
insts[24].CollisionGroup = 'Part'
insts[24].Parent = insts[1]

insts[25] = Instance.new('Part')
insts[25].Name = 'Part'
insts[25].Size = Vector3.new(0.897842526435852, 11.957090377807617, 1.9928479194641113)
insts[25].CFrame = CFrame.new(1797.32581, 881.734253, -408.158478, -0.915203393, 0.0670920163, -0.397368342, -0.193003386, -0.938576877, 0.286047786, -0.353769213, 0.338485301, 0.871937573)
insts[25].Color = Color3.fromRGB(248, 248, 248)
insts[25].Material = Enum.Material.Plastic
insts[25].Transparency = 0
insts[25].Reflectance = 0
insts[25].Anchored = true
insts[25].CanCollide = true
insts[25].CanTouch = true
insts[25].CanQuery = true
insts[25].CollisionGroup = 'Part'
insts[25].Parent = insts[1]

insts[26] = Instance.new('Part')
insts[26].Name = 'Part'
insts[26].Size = Vector3.new(41.91350173950195, 11.957090377807617, 1.9928480386734009)
insts[26].CFrame = CFrame.new(1777.76294, 881.705444, -417.064514, -0.908266127, -0.130963027, -0.397367954, 0.0130060762, -0.958127081, 0.286047816, -0.418190688, 0.254639357, 0.871937692)
insts[26].Color = Color3.fromRGB(248, 248, 248)
insts[26].Material = Enum.Material.Plastic
insts[26].Transparency = 0
insts[26].Reflectance = 0
insts[26].Anchored = true
insts[26].CanCollide = true
insts[26].CanTouch = true
insts[26].CanQuery = true
insts[26].CollisionGroup = 'Part'
insts[26].Parent = insts[1]

insts[27] = Instance.new('Part')
insts[27].Name = 'PartFillW'
insts[27].Size = Vector3.new(1.992854118347168, 1.4684221744537354, 11.957108497619629)
insts[27].CFrame = CFrame.new(1800.896, 903.043274, -413.521118, -0.397368759, 0.909959793, 0.118622914, 0.286047399, 0, 0.958215475, 0.871937513, 0.414696664, -0.260291606)
insts[27].Color = Color3.fromRGB(248, 248, 248)
insts[27].Material = Enum.Material.Plastic
insts[27].Transparency = 0
insts[27].Reflectance = 0
insts[27].Anchored = true
insts[27].CanCollide = true
insts[27].CanTouch = true
insts[27].CanQuery = true
insts[27].CollisionGroup = 'Part'
insts[27].Parent = insts[1]

insts[28] = Instance.new('Part')
insts[28].Name = 'PartFillW'
insts[28].Size = Vector3.new(1.9928534030914307, 1.4681072235107422, 11.957108497619629)
insts[28].CFrame = CFrame.new(1800.89624, 903.043274, -413.52124, 0.397368759, -0.85423255, 0.335238516, -0.286047459, 0.231813326, 0.92975235, -0.871937513, -0.465348631, -0.152235672)
insts[28].Color = Color3.fromRGB(248, 248, 248)
insts[28].Material = Enum.Material.Plastic
insts[28].Transparency = 0
insts[28].Reflectance = 0
insts[28].Anchored = true
insts[28].CanCollide = true
insts[28].CanTouch = true
insts[28].CanQuery = true
insts[28].CollisionGroup = 'Part'
insts[28].Parent = insts[1]

insts[29] = Instance.new('Part')
insts[29].Name = 'PartFillW'
insts[29].Size = Vector3.new(1.9928531646728516, 1.4680074453353882, 11.957107543945312)
insts[29].CFrame = CFrame.new(1803.04797, 902.459167, -412.34906, -0.397368759, 0.85423255, 0.335238516, 0.286047459, -0.231813326, 0.92975235, 0.871937513, 0.465348631, -0.152235672)
insts[29].Color = Color3.fromRGB(248, 248, 248)
insts[29].Material = Enum.Material.Plastic
insts[29].Transparency = 0
insts[29].Reflectance = 0
insts[29].Anchored = true
insts[29].CanCollide = true
insts[29].CanTouch = true
insts[29].CanQuery = true
insts[29].CollisionGroup = 'Part'
insts[29].Parent = insts[1]

insts[30] = Instance.new('Part')
insts[30].Name = 'PartFillW'
insts[30].Size = Vector3.new(1.9928529262542725, 1.4682341814041138, 11.957103729248047)
insts[30].CFrame = CFrame.new(1803.04797, 902.459167, -412.348999, 0.397368789, -0.74775666, 0.531938076, -0.286047459, 0.44985497, 0.846054018, -0.871937513, -0.488354951, -0.0351355597)
insts[30].Color = Color3.fromRGB(248, 248, 248)
insts[30].Material = Enum.Material.Plastic
insts[30].Transparency = 0
insts[30].Reflectance = 0
insts[30].Anchored = true
insts[30].CanCollide = true
insts[30].CanTouch = true
insts[30].CanQuery = true
insts[30].CollisionGroup = 'Part'
insts[30].Parent = insts[1]

insts[31] = Instance.new('Part')
insts[31].Name = 'PartFillW'
insts[31].Size = Vector3.new(1.9928526878356934, 1.4678678512573242, 11.957101821899414)
insts[31].CFrame = CFrame.new(1804.92932, 901.327271, -411.120148, -0.397368789, 0.74775666, 0.531938076, 0.286047459, -0.44985497, 0.846054018, 0.871937513, 0.488354951, -0.0351355597)
insts[31].Color = Color3.fromRGB(248, 248, 248)
insts[31].Material = Enum.Material.Plastic
insts[31].Transparency = 0
insts[31].Reflectance = 0
insts[31].Anchored = true
insts[31].CanCollide = true
insts[31].CanTouch = true
insts[31].CanQuery = true
insts[31].CollisionGroup = 'Part'
insts[31].Parent = insts[1]

insts[32] = Instance.new('Part')
insts[32].Name = 'PartFillW'
insts[32].Size = Vector3.new(1.9928529262542725, 1.468240737915039, 11.957103729248047)
insts[32].CFrame = CFrame.new(1804.92932, 901.327271, -411.120209, 0.397368759, -0.596857607, 0.697035909, -0.286047399, 0.641171336, 0.712092817, -0.871937454, -0.48234877, 0.0840518847)
insts[32].Color = Color3.fromRGB(248, 248, 248)
insts[32].Material = Enum.Material.Plastic
insts[32].Transparency = 0
insts[32].Reflectance = 0
insts[32].Anchored = true
insts[32].CanCollide = true
insts[32].CanTouch = true
insts[32].CanQuery = true
insts[32].CollisionGroup = 'Part'
insts[32].Parent = insts[1]

insts[33] = Instance.new('Part')
insts[33].Name = 'PartFillW'
insts[33].Size = Vector3.new(1.9928526878356934, 1.4683737754821777, 11.957103729248047)
insts[33].CFrame = CFrame.new(1806.43152, 899.713684, -409.906281, -0.397368759, 0.596857607, 0.697035909, 0.286047399, -0.641171336, 0.712092817, 0.871937454, 0.48234877, 0.0840518847)
insts[33].Color = Color3.fromRGB(248, 248, 248)
insts[33].Material = Enum.Material.Plastic
insts[33].Transparency = 0
insts[33].Reflectance = 0
insts[33].Anchored = true
insts[33].CanCollide = true
insts[33].CanTouch = true
insts[33].CanQuery = true
insts[33].CollisionGroup = 'Part'
insts[33].Parent = insts[1]

insts[34] = Instance.new('Part')
insts[34].Name = 'PartFillW'
insts[34].Size = Vector3.new(1.9928526878356934, 1.4679735898971558, 11.95710277557373)
insts[34].CFrame = CFrame.new(1806.43152, 899.713684, -409.906281, 0.397368789, -0.410500079, 0.820723891, -0.286047488, 0.794396639, 0.535827219, -0.871937454, -0.44768703, 0.198245898)
insts[34].Color = Color3.fromRGB(248, 248, 248)
insts[34].Material = Enum.Material.Plastic
insts[34].Transparency = 0
insts[34].Reflectance = 0
insts[34].Anchored = true
insts[34].CanCollide = true
insts[34].CanTouch = true
insts[34].CanQuery = true
insts[34].CollisionGroup = 'Part'
insts[34].Parent = insts[1]

insts[35] = Instance.new('Part')
insts[35].Name = 'PartFillW'
insts[35].Size = Vector3.new(1.9928534030914307, 1.4692362546920776, 11.957106590270996)
insts[35].CFrame = CFrame.new(1807.46594, 897.711792, -408.778198, -0.397368789, 0.410500079, 0.820723891, 0.286047488, -0.794396639, 0.535827219, 0.871937454, 0.44768703, 0.198245898)
insts[35].Color = Color3.fromRGB(248, 248, 248)
insts[35].Material = Enum.Material.Plastic
insts[35].Transparency = 0
insts[35].Reflectance = 0
insts[35].Anchored = true
insts[35].CanCollide = true
insts[35].CanTouch = true
insts[35].CanQuery = true
insts[35].CollisionGroup = 'Part'
insts[35].Parent = insts[1]

insts[36] = Instance.new('Part')
insts[36].Name = 'PartFillW'
insts[36].Size = Vector3.new(1.9928531646728516, 1.4670449495315552, 11.957108497619629)
insts[36].CFrame = CFrame.new(1807.46594, 897.711792, -408.778198, 0.397368819, -0.199755326, 0.895653903, -0.286047518, 0.900427997, 0.327728927, -0.871937454, -0.386428803, 0.300662518)
insts[36].Color = Color3.fromRGB(248, 248, 248)
insts[36].Material = Enum.Material.Plastic
insts[36].Transparency = 0
insts[36].Reflectance = 0
insts[36].Anchored = true
insts[36].CanCollide = true
insts[36].CanTouch = true
insts[36].CanQuery = true
insts[36].CollisionGroup = 'Part'
insts[36].Parent = insts[1]

insts[37] = Instance.new('Part')
insts[37].Name = 'PartFillW'
insts[37].Size = Vector3.new(1.9928531646728516, 1.4665942192077637, 11.957107543945312)
insts[37].CFrame = CFrame.new(1807.96851, 895.446289, -407.805847, -0.397368819, 0.199755326, 0.895653903, 0.286047518, -0.900427997, 0.327728927, 0.871937454, 0.386428803, 0.300662518)
insts[37].Color = Color3.fromRGB(248, 248, 248)
insts[37].Material = Enum.Material.Plastic
insts[37].Transparency = 0
insts[37].Reflectance = 0
insts[37].Anchored = true
insts[37].CanCollide = true
insts[37].CanTouch = true
insts[37].CanQuery = true
insts[37].CollisionGroup = 'Part'
insts[37].Parent = insts[1]

insts[38] = Instance.new('Part')
insts[38].Name = 'PartFillW'
insts[38].Size = Vector3.new(1.9928534030914307, 1.4697914123535156, 11.95710563659668)
insts[38].CFrame = CFrame.new(1807.96851, 895.446289, -407.805725, 0.397368789, 0.0228566118, 0.917374313, -0.286047578, 0.952966213, 0.100160658, -0.871937394, -0.30221343, 0.38521713)
insts[38].Color = Color3.fromRGB(248, 248, 248)
insts[38].Material = Enum.Material.Plastic
insts[38].Transparency = 0
insts[38].Reflectance = 0
insts[38].Anchored = true
insts[38].CanCollide = true
insts[38].CanTouch = true
insts[38].CanQuery = true
insts[38].CollisionGroup = 'Part'
insts[38].Parent = insts[1]

insts[39] = Instance.new('Part')
insts[39].Name = 'PartFillW'
insts[39].Size = Vector3.new(1.9928534030914307, 1.4693485498428345, 11.95710563659668)
insts[39].CFrame = CFrame.new(1807.91113, 893.046448, -407.044678, -0.397368789, -0.0228566118, 0.917374313, 0.286047578, -0.952966213, 0.100160658, 0.871937394, 0.30221343, 0.38521713)
insts[39].Color = Color3.fromRGB(248, 248, 248)
insts[39].Material = Enum.Material.Plastic
insts[39].Transparency = 0
insts[39].Reflectance = 0
insts[39].Anchored = true
insts[39].CanCollide = true
insts[39].CanTouch = true
insts[39].CanQuery = true
insts[39].CollisionGroup = 'Part'
insts[39].Parent = insts[1]

insts[40] = Instance.new('Part')
insts[40].Name = 'PartFillW'
insts[40].Size = Vector3.new(1.9928536415100098, 1.46694815158844, 11.957108497619629)
insts[40].CFrame = CFrame.new(1807.91113, 893.046204, -407.0448, 0.397368908, 0.244110584, 0.884594858, -0.286047548, 0.94889009, -0.133357942, -0.871937394, -0.200043857, 0.446886659)
insts[40].Color = Color3.fromRGB(248, 248, 248)
insts[40].Material = Enum.Material.Plastic
insts[40].Transparency = 0
insts[40].Reflectance = 0
insts[40].Anchored = true
insts[40].CanCollide = true
insts[40].CanTouch = true
insts[40].CanQuery = true
insts[40].CollisionGroup = 'Part'
insts[40].Parent = insts[1]

insts[41] = Instance.new('Part')
insts[41].Name = 'PartFillW'
insts[41].Size = Vector3.new(1.9928598403930664, 0.8155473470687866, 11.957133293151855)
insts[41].CFrame = CFrame.new(1807.39612, 891.044373, -406.622742, -0.397368908, -0.244110614, 0.884594858, 0.286047637, -0.94889009, -0.133357942, 0.871937394, 0.200043961, 0.446886659)
insts[41].Color = Color3.fromRGB(248, 248, 248)
insts[41].Material = Enum.Material.Plastic
insts[41].Transparency = 0
insts[41].Reflectance = 0
insts[41].Anchored = true
insts[41].CanCollide = true
insts[41].CanTouch = true
insts[41].CanQuery = true
insts[41].CollisionGroup = 'Part'
insts[41].Parent = insts[1]

insts[42] = Instance.new('Part')
insts[42].Name = 'PartFillW'
insts[42].Size = Vector3.new(1.9928569793701172, 0.8190504908561707, 11.95712661743164)
insts[42].CFrame = CFrame.new(1807.39612, 891.044373, -406.622742, 0.397368878, 0.362199843, 0.84315443, -0.286047667, 0.921920896, -0.261225224, -0.871937454, -0.137379557, 0.469949067)
insts[42].Color = Color3.fromRGB(248, 248, 248)
insts[42].Material = Enum.Material.Plastic
insts[42].Transparency = 0
insts[42].Reflectance = 0
insts[42].Anchored = true
insts[42].CanCollide = true
insts[42].CanTouch = true
insts[42].CanQuery = true
insts[42].CollisionGroup = 'Part'
insts[42].Parent = insts[1]

insts[43] = Instance.new('Part')
insts[43].Name = 'PartFillW'
insts[43].Size = Vector3.new(1.9928569793701172, 0.819585382938385, 11.95712947845459)
insts[43].CFrame = CFrame.new(1806.77332, 889.459229, -406.386505, -0.397368878, -0.362199843, 0.84315443, 0.286047667, -0.921920896, -0.261225224, 0.871937454, 0.137379557, 0.469949067)
insts[43].Color = Color3.fromRGB(248, 248, 248)
insts[43].Material = Enum.Material.Plastic
insts[43].Transparency = 0
insts[43].Reflectance = 0
insts[43].Anchored = true
insts[43].CanCollide = true
insts[43].CanTouch = true
insts[43].CanQuery = true
insts[43].CollisionGroup = 'Part'
insts[43].Parent = insts[1]

insts[44] = Instance.new('Part')
insts[44].Name = 'PartFillW'
insts[44].Size = Vector3.new(1.992856502532959, 0.8147192001342773, 11.957124710083008)
insts[44].CFrame = CFrame.new(1806.77332, 889.458984, -406.386749, 0.397368729, 0.473552316, 0.786032081, -0.286047608, 0.877804756, -0.384233832, -0.871937454, -0.0721600652, 0.484270692)
insts[44].Color = Color3.fromRGB(248, 248, 248)
insts[44].Material = Enum.Material.Plastic
insts[44].Transparency = 0
insts[44].Reflectance = 0
insts[44].Anchored = true
insts[44].CanCollide = true
insts[44].CanTouch = true
insts[44].CanQuery = true
insts[44].CollisionGroup = 'Part'
insts[44].Parent = insts[1]

insts[45] = Instance.new('Part')
insts[45].Name = 'PartFillW'
insts[45].Size = Vector3.new(1.9928569793701172, 0.8149503469467163, 11.957123756408691)
insts[45].CFrame = CFrame.new(1805.95959, 887.950439, -406.262817, -0.397368729, -0.473552316, 0.786032081, 0.286047608, -0.877804756, -0.384233832, 0.871937454, 0.0721600652, 0.484270692)
insts[45].Color = Color3.fromRGB(248, 248, 248)
insts[45].Material = Enum.Material.Plastic
insts[45].Transparency = 0
insts[45].Reflectance = 0
insts[45].Anchored = true
insts[45].CanCollide = true
insts[45].CanTouch = true
insts[45].CanQuery = true
insts[45].CollisionGroup = 'Part'
insts[45].Parent = insts[1]

insts[46] = Instance.new('Part')
insts[46].Name = 'PartFillW'
insts[46].Size = Vector3.new(1.992856502532959, 0.819801390171051, 11.95712661743164)
insts[46].CFrame = CFrame.new(1805.95959, 887.950439, -406.262817, 0.39736864, 0.576097131, 0.714290082, -0.286047578, 0.817362189, -0.500095963, -0.871937454, -0.00559850363, 0.489585251)
insts[46].Color = Color3.fromRGB(248, 248, 248)
insts[46].Material = Enum.Material.Plastic
insts[46].Transparency = 0
insts[46].Reflectance = 0
insts[46].Anchored = true
insts[46].CanCollide = true
insts[46].CanTouch = true
insts[46].CanQuery = true
insts[46].CollisionGroup = 'Part'
insts[46].Parent = insts[1]

insts[47] = Instance.new('Part')
insts[47].Name = 'PartFillW'
insts[47].Size = Vector3.new(1.9928555488586426, 0.8193286061286926, 11.957128524780273)
insts[47].CFrame = CFrame.new(1804.96899, 886.545349, -406.253143, -0.39736864, -0.576097131, 0.714290082, 0.286047578, -0.817362189, -0.500095963, 0.871937454, 0.00559850363, 0.489585251)
insts[47].Color = Color3.fromRGB(248, 248, 248)
insts[47].Material = Enum.Material.Plastic
insts[47].Transparency = 0
insts[47].Reflectance = 0
insts[47].Anchored = true
insts[47].CanCollide = true
insts[47].CanTouch = true
insts[47].CanQuery = true
insts[47].CollisionGroup = 'Part'
insts[47].Parent = insts[1]

insts[48] = Instance.new('Part')
insts[48].Name = 'PartFillW'
insts[48].Size = Vector3.new(1.992856502532959, 0.8150419592857361, 11.957124710083008)
insts[48].CFrame = CFrame.new(1804.96899, 886.545349, -406.253204, 0.397368699, 0.667926908, 0.629262984, -0.286047578, 0.741717279, -0.60665673, -0.871937513, 0.0610672496, 0.485794097)
insts[48].Color = Color3.fromRGB(248, 248, 248)
insts[48].Material = Enum.Material.Plastic
insts[48].Transparency = 0
insts[48].Reflectance = 0
insts[48].Anchored = true
insts[48].CanCollide = true
insts[48].CanTouch = true
insts[48].CanQuery = true
insts[48].CollisionGroup = 'Part'
insts[48].Parent = insts[1]

insts[49] = Instance.new('Part')
insts[49].Name = 'PartFillW'
insts[49].Size = Vector3.new(1.9928560256958008, 0.8176187872886658, 11.957122802734375)
insts[49].CFrame = CFrame.new(1803.82153, 885.271118, -406.358124, -0.397368699, -0.667926908, 0.629262984, 0.286047578, -0.741717279, -0.60665673, 0.871937513, -0.0610672496, 0.485794097)
insts[49].Color = Color3.fromRGB(248, 248, 248)
insts[49].Material = Enum.Material.Plastic
insts[49].Transparency = 0
insts[49].Reflectance = 0
insts[49].Anchored = true
insts[49].CanCollide = true
insts[49].CanTouch = true
insts[49].CanQuery = true
insts[49].CollisionGroup = 'Part'
insts[49].Parent = insts[1]

insts[50] = Instance.new('Part')
insts[50].Name = 'PartFillW'
insts[50].Size = Vector3.new(1.992856502532959, 0.8167781233787537, 11.957119941711426)
insts[50].CFrame = CFrame.new(1803.82178, 885.271118, -406.358246, 0.39736864, 0.747333884, 0.532531917, -0.286047578, 0.652276993, -0.701934159, -0.871937513, 0.126597151, 0.472967416)
insts[50].Color = Color3.fromRGB(248, 248, 248)
insts[50].Material = Enum.Material.Plastic
insts[50].Transparency = 0
insts[50].Reflectance = 0
insts[50].Anchored = true
insts[50].CanCollide = true
insts[50].CanTouch = true
insts[50].CanQuery = true
insts[50].CollisionGroup = 'Part'
insts[50].Parent = insts[1]

insts[51] = Instance.new('Part')
insts[51].Name = 'PartFillW'
insts[51].Size = Vector3.new(1.992856502532959, 0.8160952925682068, 11.957120895385742)
insts[51].CFrame = CFrame.new(1802.53784, 884.150391, -406.575714, -0.39736864, -0.747333884, 0.532531917, 0.286047578, -0.652276993, -0.701934159, 0.871937513, -0.126597151, 0.472967416)
insts[51].Color = Color3.fromRGB(248, 248, 248)
insts[51].Material = Enum.Material.Plastic
insts[51].Transparency = 0
insts[51].Reflectance = 0
insts[51].Anchored = true
insts[51].CanCollide = true
insts[51].CanTouch = true
insts[51].CanQuery = true
insts[51].CollisionGroup = 'Part'
insts[51].Parent = insts[1]

insts[52] = Instance.new('Part')
insts[52].Name = 'PartFillW'
insts[52].Size = Vector3.new(1.9928579330444336, 0.8184763193130493, 11.957121849060059)
insts[52].CFrame = CFrame.new(1802.53784, 884.150391, -406.575714, 0.39736858, 0.812841058, 0.425896406, -0.286047548, 0.550705016, -0.784156144, -0.871937454, 0.189772427, 0.451344043)
insts[52].Color = Color3.fromRGB(248, 248, 248)
insts[52].Material = Enum.Material.Plastic
insts[52].Transparency = 0
insts[52].Reflectance = 0
insts[52].Anchored = true
insts[52].CanCollide = true
insts[52].CanTouch = true
insts[52].CanQuery = true
insts[52].CollisionGroup = 'Part'
insts[52].Parent = insts[1]

insts[53] = Instance.new('Part')
insts[53].Name = 'PartFillW'
insts[53].Size = Vector3.new(1.9928584098815918, 0.818355143070221, 11.957124710083008)
insts[53].CFrame = CFrame.new(1801.1405, 883.203857, -406.901947, -0.39736858, -0.812841058, 0.425896406, 0.286047548, -0.550705016, -0.784156144, 0.871937454, -0.189772427, 0.451344043)
insts[53].Color = Color3.fromRGB(248, 248, 248)
insts[53].Material = Enum.Material.Plastic
insts[53].Transparency = 0
insts[53].Reflectance = 0
insts[53].Anchored = true
insts[53].CanCollide = true
insts[53].CanTouch = true
insts[53].CanQuery = true
insts[53].CollisionGroup = 'Part'
insts[53].Parent = insts[1]

insts[54] = Instance.new('Part')
insts[54].Name = 'PartFillW'
insts[54].Size = Vector3.new(1.9928572177886963, 0.8160633444786072, 11.957124710083008)
insts[54].CFrame = CFrame.new(1801.1405, 883.203857, -406.901764, 0.39736861, 0.86323005, 0.311339468, -0.286047578, 0.438890308, -0.851793528, -0.871937513, 0.24941811, 0.421326071)
insts[54].Color = Color3.fromRGB(248, 248, 248)
insts[54].Material = Enum.Material.Plastic
insts[54].Transparency = 0
insts[54].Reflectance = 0
insts[54].Anchored = true
insts[54].CanCollide = true
insts[54].CanTouch = true
insts[54].CanQuery = true
insts[54].CollisionGroup = 'Part'
insts[54].Parent = insts[1]

insts[55] = Instance.new('Part')
insts[55].Name = 'PartFillW'
insts[55].Size = Vector3.new(1.9928574562072754, 0.8157870769500732, 11.957124710083008)
insts[55].CFrame = CFrame.new(1799.65503, 882.44873, -407.330933, -0.39736861, -0.86323005, 0.311339468, 0.286047578, -0.438890308, -0.851793528, 0.871937513, -0.24941811, 0.421326071)
insts[55].Color = Color3.fromRGB(248, 248, 248)
insts[55].Material = Enum.Material.Plastic
insts[55].Transparency = 0
insts[55].Reflectance = 0
insts[55].Anchored = true
insts[55].CanCollide = true
insts[55].CanTouch = true
insts[55].CanQuery = true
insts[55].CollisionGroup = 'Part'
insts[55].Parent = insts[1]

insts[56] = Instance.new('Part')
insts[56].Name = 'PartFillW'
insts[56].Size = Vector3.new(1.9928579330444336, 0.81877601146698, 11.95712661743164)
insts[56].CFrame = CFrame.new(1799.65503, 882.44873, -407.330994, 0.39736855, 0.897563636, 0.190991938, -0.286047697, 0.318912655, -0.903588176, -0.871937513, 0.304424703, 0.383471847)
insts[56].Color = Color3.fromRGB(248, 248, 248)
insts[56].Material = Enum.Material.Plastic
insts[56].Transparency = 0
insts[56].Reflectance = 0
insts[56].Anchored = true
insts[56].CanCollide = true
insts[56].CanTouch = true
insts[56].CanQuery = true
insts[56].CollisionGroup = 'Part'
insts[56].Parent = insts[1]

insts[57] = Instance.new('Part')
insts[57].Name = 'PartFillW'
insts[57].Size = Vector3.new(1.9928572177886963, 0.8177447319030762, 11.957130432128906)
insts[57].CFrame = CFrame.new(1798.11035, 881.899902, -407.85495, -0.39736855, -0.897563636, 0.190991938, 0.286047697, -0.318912655, -0.903588176, 0.871937513, -0.304424703, 0.383471847)
insts[57].Color = Color3.fromRGB(248, 248, 248)
insts[57].Material = Enum.Material.Plastic
insts[57].Transparency = 0
insts[57].Reflectance = 0
insts[57].Anchored = true
insts[57].CanCollide = true
insts[57].CanTouch = true
insts[57].CanQuery = true
insts[57].CollisionGroup = 'Part'
insts[57].Parent = insts[1]

insts[58] = Instance.new('Part')
insts[58].Name = 'PartFillW'
insts[58].Size = Vector3.new(1.9928579330444336, 0.8167719841003418, 11.957127571105957)
insts[58].CFrame = CFrame.new(1798.1106, 881.899658, -407.855194, 0.39736852, 0.915203214, 0.0670919791, -0.286047697, 0.193003416, -0.938576758, -0.871937454, 0.353769362, 0.338485301)
insts[58].Color = Color3.fromRGB(248, 248, 248)
insts[58].Material = Enum.Material.Plastic
insts[58].Transparency = 0
insts[58].Reflectance = 0
insts[58].Anchored = true
insts[58].CanCollide = true
insts[58].CanTouch = true
insts[58].CanQuery = true
insts[58].CollisionGroup = 'Part'
insts[58].Parent = insts[1]

insts[59] = Instance.new('Part')
insts[59].Name = 'PartFillW'
insts[59].Size = Vector3.new(1.9928579330444336, 0.8175955414772034, 11.957128524780273)
insts[59].CFrame = CFrame.new(1796.54077, 881.568848, -408.461884, -0.39736852, -0.915203214, 0.0670919791, 0.286047697, -0.193003416, -0.938576758, 0.871937454, -0.353769362, 0.338485301)
insts[59].Color = Color3.fromRGB(248, 248, 248)
insts[59].Material = Enum.Material.Plastic
insts[59].Transparency = 0
insts[59].Reflectance = 0
insts[59].Anchored = true
insts[59].CanCollide = true
insts[59].CanTouch = true
insts[59].CanQuery = true
insts[59].CollisionGroup = 'Part'
insts[59].Parent = insts[1]

insts[60] = Instance.new('Part')
insts[60].Name = 'PartFillW'
insts[60].Size = Vector3.new(1.9928569793701172, 0.8171133995056152, 11.957125663757324)
insts[60].CFrame = CFrame.new(1796.54077, 881.568848, -408.461823, 0.39736855, 0.915820837, -0.0580559, -0.286047757, 0.0635043532, -0.956108749, -0.871937513, 0.396534264, 0.287203103)
insts[60].Color = Color3.fromRGB(248, 248, 248)
insts[60].Material = Enum.Material.Plastic
insts[60].Transparency = 0
insts[60].Reflectance = 0
insts[60].Anchored = true
insts[60].CanCollide = true
insts[60].CanTouch = true
insts[60].CanQuery = true
insts[60].CollisionGroup = 'Part'
insts[60].Parent = insts[1]

insts[61] = Instance.new('Part')
insts[61].Name = 'PartFillW'
insts[61].Size = Vector3.new(1.9928512573242188, 1.7004739046096802, 11.957100868225098)
insts[61].CFrame = CFrame.new(1767.90918, 910.611328, -431.036713, 0.397368908, -0.229876593, -0.888400137, -0.286047488, -0.950908899, 0.118105955, -0.871937394, 0.207192972, -0.443617314)
insts[61].Color = Color3.fromRGB(248, 248, 248)
insts[61].Material = Enum.Material.Plastic
insts[61].Transparency = 0
insts[61].Reflectance = 0
insts[61].Anchored = true
insts[61].CanCollide = true
insts[61].CanTouch = true
insts[61].CanQuery = true
insts[61].CollisionGroup = 'Part'
insts[61].Parent = insts[1]

insts[62] = Instance.new('Part')
insts[62].Name = 'PartFillW'
insts[62].Size = Vector3.new(1.9928514957427979, 1.6987770795822144, 11.957103729248047)
insts[62].CFrame = CFrame.new(1767.90918, 910.611328, -431.036713, -0.397368878, -0.0267866421, -0.917267978, 0.286047488, 0.946155369, -0.151548654, 0.871937335, -0.322602928, -0.368310481)
insts[62].Color = Color3.fromRGB(248, 248, 248)
insts[62].Material = Enum.Material.Plastic
insts[62].Transparency = 0
insts[62].Reflectance = 0
insts[62].Anchored = true
insts[62].CanCollide = true
insts[62].CanTouch = true
insts[62].CanQuery = true
insts[62].CollisionGroup = 'Part'
insts[62].Parent = insts[1]

insts[63] = Instance.new('Part')
insts[63].Name = 'Part'
insts[63].Size = Vector3.new(0.5587448477745056, 11.957090377807617, 1.99284827709198)
